0,1
1,2
0,4
0,8
1,8
1,9
5,9
8,9
11,12
2,13
3,13
0,14
1,14
5,14
8,14
9,14
0,15
1,15
4,15
8,15
9,15
14,15
0,16
4,16
7,16
8,16
9,16
14,16
15,16
0,17
1,17
12,17
1,18
2,18
8,18
13,18
14,18
17,18
1,19
2,19
5,19
8,19
9,19
14,19
15,19
18,19
5,20
19,20
5,21
7,21
9,21
14,21
15,21
16,21
7,22
9,22
14,22
15,22
16,22
21,22
7,23
8,23
9,23
14,23
15,23
16,23
21,23
22,23
5,24
6,24
20,24
21,24
23,24
5,25
8,25
9,25
14,25
19,25
20,25
21,25
23,25
24,25
5,26
8,26
9,26
14,26
19,26
20,26
24,26
25,26
1,27
5,27
8,27
9,27
14,27
15,27
19,27
20,27
21,27
23,27
24,27
25,27
26,27
5,28
8,28
9,28
14,28
15,28
19,28
20,28
21,28
24,28
25,28
26,28
27,28
1,29
14,29
17,29
18,29
19,29
0,30
1,30
8,30
9,30
14,30
15,30
16,30
18,30
19,30
21,30
22,30
23,30
25,30
26,30
27,30
28,30
29,30
0,31
8,31
9,31
14,31
15,31
16,31
19,31
21,31
22,31
23,31
25,31
27,31
28,31
30,31
0,32
1,32
4,32
8,32
9,32
14,32
15,32
16,32
17,32
18,32
19,32
29,32
30,32
31,32
0,33
1,33
4,33
17,33
32,33
1,34
8,34
9,34
14,34
15,34
19,34
23,34
26,34
27,34
28,34
30,34
31,34
32,34
4,35
8,35
9,35
14,35
15,35
16,35
22,35
23,35
30,35
31,35
34,35
9,36
15,36
21,36
22,36
23,36
24,36
27,36
31,36
34,36
35,36
0,37
1,37
5,37
8,37
9,37
14,37
15,37
16,37
19,37
21,37
22,37
23,37
25,37
26,37
27,37
28,37
30,37
31,37
32,37
34,37
35,37
36,37
0,38
4,38
7,38
8,38
9,38
14,38
15,38
16,38
21,38
22,38
23,38
30,38
31,38
32,38
34,38
35,38
36,38
37,38
0,39
1,39
8,39
9,39
14,39
15,39
16,39
17,39
18,39
19,39
21,39
25,39
27,39
28,39
29,39
30,39
31,39
32,39
34,39
37,39
38,39
4,40
7,40
16,40
22,40
35,40
38,40
0,41
1,41
4,41
8,41
9,41
14,41
15,41
16,41
19,41
26,41
27,41
30,41
31,41
32,41
33,41
34,41
35,41
37,41
38,41
39,41
5,42
8,42
9,42
14,42
15,42
19,42
20,42
21,42
22,42
23,42
24,42
25,42
26,42
27,42
28,42
30,42
31,42
34,42
35,42
36,42
37,42
38,42
39,42
41,42
5,43
9,43
14,43
15,43
21,43
22,43
23,43
24,43
25,43
27,43
28,43
30,43
31,43
34,43
36,43
37,43
38,43
42,43
5,44
8,44
9,44
14,44
15,44
22,44
23,44
26,44
27,44
28,44
30,44
31,44
34,44
35,44
36,44
37,44
38,44
41,44
42,44
43,44
5,45
6,45
8,45
9,45
14,45
21,45
22,45
23,45
24,45
25,45
26,45
27,45
28,45
30,45
31,45
34,45
36,45
37,45
42,45
43,45
44,45
5,46
8,46
9,46
14,46
15,46
16,46
19,46
21,46
22,46
23,46
24,46
25,46
26,46
27,46
28,46
30,46
31,46
34,46
36,46
37,46
38,46
39,46
42,46
43,46
44,46
45,46
1,47
2,47
13,47
17,47
18,47
19,47
29,47
3,48
0,49
10,49
14,49
15,49
16,49
17,49
29,49
30,49
31,49
32,49
39,49
10,50
11,50
49,50
0,51
10,51
11,51
16,51
17,51
18,51
29,51
32,51
39,51
49,51
50,51
0,52
1,52
4,52
8,52
9,52
14,52
15,52
16,52
17,52
18,52
19,52
21,52
27,52
29,52
30,52
31,52
32,52
33,52
34,52
35,52
37,52
38,52
39,52
41,52
42,52
44,52
46,52
49,52
51,52
0,53
4,53
10,53
14,53
15,53
16,53
30,53
31,53
32,53
38,53
39,53
49,53
51,53
52,53
1,54
2,54
12,54
17,54
18,54
29,54
33,54
47,54
1,55
2,55
5,55
8,55
9,55
14,55
15,55
18,55
19,55
20,55
25,55
26,55
27,55
28,55
29,55
30,55
31,55
32,55
34,55
37,55
39,55
41,55
42,55
44,55
46,55
47,55
52,55
54,55
0,56
4,56
8,56
15,56
16,56
32,56
33,56
34,56
35,56
38,56
41,56
52,56
2,57
13,57
19,57
20,57
26,57
27,57
47,57
55,57
10,58
29,58
49,58
51,58
53,58
11,59
12,59
33,59
61,63
62,66
64,66
66,68
64,69
66,69
68,69
66,71
70,72
66,73
71,73
70,74
72,74
71,75
72,75
74,75
70,76
72,76
66,77
68,77
73,77
70,78
72,78
74,78
75,78
61,79
62,80
71,81
72,81
74,81
75,81
61,82
76,82
79,82
64,83
64,84
69,84
64,85
72,85
81,85
84,85
68,86
69,86
84,86
70,87
72,87
74,87
78,87
86,87
70,88
72,88
76,88
78,88
87,88
84,89
64,90
69,90
72,90
81,90
84,90
85,90
63,91
72,91
81,91
85,91
90,91
94,95
80,96
94,96
97,98
97,102
101,103
101,104
103,104
101,105
103,105
104,105
98,106
102,106
103,106
104,106
105,106
97,107
102,107
103,107
106,107
97,108
98,108
104,108
105,108
106,108
107,108
99,109
101,109
103,109
104,109
105,109
106,109
98,110
99,110
101,110
104,110
105,110
106,110
108,110
109,110
104,111
97,112
98,112
97,113
98,113
106,113
107,113
108,113
97,114
98,114
102,114
108,114
112,114
113,114
97,115
102,115
107,115
114,115
97,116
98,116
102,116
107,116
108,116
112,116
113,116
114,116
115,116
102,117
103,117
106,117
107,117
115,117
101,118
103,118
104,118
105,118
106,118
109,118
110,118
117,118
99,119
101,119
103,119
104,119
105,119
106,119
107,119
108,119
109,119
110,119
117,119
118,119
98,120
99,120
105,120
106,120
109,120
110,120
119,120
99,121
110,121
120,121
98,122
99,122
120,122
121,122
99,123
106,123
117,123
119,123
120,123
122,123
99,124
110,124
120,124
121,124
98,125
99,125
120,125
121,125
122,125
123,125
124,125
103,126
106,126
109,126
117,126
118,126
119,126
123,126
103,127
104,127
105,127
106,127
118,127
119,127
97,128
98,128
108,128
112,128
113,128
114,128
116,128
97,129
98,129
108,129
112,129
113,129
114,129
116,129
128,129
97,130
113,130
114,130
116,130
128,130
129,130
108,131
113,131
128,131
129,131
130,131
97,132
98,132
102,132
106,132
107,132
108,132
112,132
113,132
114,132
115,132
116,132
128,132
129,132
130,132
131,132
97,133
98,133
102,133
106,133
107,133
108,133
112,133
113,133
114,133
115,133
116,133
128,133
129,133
130,133
131,133
132,133
97,134
102,134
106,134
107,134
108,134
113,134
114,134
115,134
116,134
117,134
128,134
129,134
130,134
132,134
133,134
97,135
102,135
106,135
107,135
108,135
113,135
114,135
115,135
116,135
117,135
130,135
132,135
133,135
134,135
102,136
103,136
106,136
107,136
108,136
115,136
116,136
117,136
118,136
119,136
126,136
127,136
132,136
133,136
134,136
135,136
101,137
103,137
104,137
105,137
106,137
107,137
108,137
109,137
117,137
118,137
119,137
126,137
127,137
135,137
136,137
111,138
131,138
131,139
138,139
97,140
113,140
114,140
116,140
128,140
129,140
130,140
131,140
132,140
133,140
97,141
98,141
102,141
106,141
107,141
108,141
112,141
113,141
114,141
115,141
116,141
117,141
128,141
129,141
130,141
132,141
133,141
134,141
135,141
136,141
98,142
102,142
103,142
104,142
105,142
106,142
107,142
108,142
109,142
110,142
113,142
115,142
116,142
117,142
118,142
119,142
120,142
126,142
127,142
128,142
132,142
133,142
134,142
135,142
136,142
137,142
141,142
97,143
98,143
102,143
105,143
106,143
107,143
108,143
110,143
112,143
113,143
114,143
115,143
116,143
119,143
120,143
122,143
128,143
129,143
132,143
133,143
134,143
135,143
136,143
140,143
141,143
142,143
97,144
98,144
102,144
103,144
105,144
106,144
107,144
108,144
110,144
113,144
115,144
116,144
117,144
118,144
119,144
127,144
128,144
132,144
133,144
134,144
135,144
136,144
137,144
141,144
142,144
143,144
98,145
104,145
105,145
108,145
110,145
128,145
129,145
142,145
143,145
104,146
105,146
106,146
108,146
110,146
111,146
113,146
128,146
129,146
131,146
138,146
142,146
143,146
144,146
145,146
93,147
100,147
128,147
131,147
138,147
139,147
145,147
146,147
104,148
105,148
106,148
108,148
111,148
127,148
131,148
137,148
138,148
142,148
145,148
146,148
147,148
98,149
99,149
103,149
104,149
105,149
106,149
107,149
108,149
109,149
110,149
113,149
117,149
118,149
119,149
120,149
123,149
126,149
127,149
132,149
133,149
134,149
135,149
136,149
137,149
141,149
142,149
143,149
144,149
145,149
146,149
148,149
102,150
103,150
105,150
106,150
107,150
108,150
113,150
115,150
116,150
117,150
118,150
119,150
127,150
132,150
133,150
134,150
135,150
136,150
137,150
141,150
142,150
143,150
144,150
149,150
155,156
152,157
153,157
151,160
160,161
161,162
155,164
156,164
6,165
6,166
155,166
165,166
161,167
162,167
165,167
166,167
162,168
167,168
6,169
165,169
166,169
167,169
168,170
163,172
155,173
161,173
164,173
165,173
166,173
167,173
169,173
155,175
161,175
162,175
164,175
166,175
167,175
169,175
173,175
155,176
156,176
152,177
161,177
173,177
175,177
152,178
153,178
157,178
177,178
152,179
153,179
157,179
178,179
152,180
155,180
156,180
173,180
176,180
178,180
6,181
165,181
166,181
167,181
169,181
173,181
175,181
152,183
155,183
176,183
178,183
179,183
180,183
0,184
1,184
4,184
8,184
14,184
15,184
16,184
17,184
30,184
31,184
32,184
33,184
37,184
38,184
39,184
41,184
49,184
51,184
52,184
53,184
56,184
54,185
1,186
2,186
8,186
13,186
14,186
17,186
18,186
19,186
26,186
27,186
29,186
34,186
39,186
41,186
47,186
54,186
55,186
57,186
3,187
13,187
29,187
48,187
0,188
4,188
32,188
33,188
56,188
184,188
5,189
6,189
9,189
20,189
21,189
23,189
24,189
25,189
26,189
27,189
28,189
36,189
37,189
42,189
43,189
44,189
45,189
46,189
6,190
165,190
166,190
169,190
181,190
0,191
7,191
15,191
16,191
21,191
22,191
23,191
31,191
37,191
38,191
40,191
53,191
1,192
8,192
9,192
14,192
15,192
19,192
26,192
27,192
28,192
30,192
31,192
32,192
34,192
35,192
37,192
39,192
41,192
42,192
44,192
46,192
52,192
55,192
56,192
186,192
0,193
1,193
5,193
8,193
9,193
14,193
15,193
16,193
18,193
19,193
21,193
22,193
23,193
25,193
26,193
27,193
28,193
29,193
30,193
31,193
32,193
34,193
35,193
36,193
37,193
38,193
39,193
41,193
42,193
43,193
44,193
45,193
46,193
52,193
55,193
186,193
189,193
192,193
11,195
12,195
59,195
1,196
12,196
17,196
18,196
33,196
47,196
54,196
184,196
186,196
1,197
2,197
3,197
8,197
13,197
14,197
17,197
18,197
19,197
27,197
28,197
29,197
30,197
39,197
47,197
52,197
54,197
55,197
57,197
186,197
187,197
193,197
0,198
7,198
8,198
9,198
14,198
15,198
16,198
19,198
21,198
22,198
23,198
25,198
27,198
28,198
30,198
31,198
32,198
34,198
35,198
36,198
37,198
38,198
39,198
42,198
43,198
44,198
45,198
46,198
52,198
53,198
191,198
192,198
193,198
0,199
1,199
8,199
9,199
14,199
15,199
16,199
18,199
19,199
21,199
22,199
23,199
25,199
26,199
27,199
28,199
30,199
31,199
32,199
34,199
35,199
36,199
37,199
38,199
39,199
41,199
42,199
43,199
44,199
45,199
46,199
49,199
52,199
53,199
55,199
56,199
184,199
192,199
193,199
198,199
0,200
4,200
16,200
32,200
33,200
49,200
50,200
51,200
53,200
59,200
184,200
188,200
1,201
2,201
12,201
17,201
18,201
29,201
47,201
54,201
186,201
196,201
197,201
0,202
1,202
2,202
8,202
14,202
15,202
17,202
18,202
19,202
29,202
30,202
32,202
33,202
39,202
41,202
47,202
49,202
51,202
52,202
54,202
55,202
184,202
186,202
192,202
193,202
196,202
197,202
199,202
201,202
2,203
5,203
8,203
14,203
19,203
20,203
25,203
26,203
27,203
28,203
34,203
42,203
46,203
55,203
57,203
186,203
189,203
192,203
193,203
197,203
5,204
8,204
9,204
14,204
15,204
19,204
20,204
21,204
23,204
24,204
25,204
26,204
27,204
28,204
30,204
31,204
34,204
36,204
37,204
39,204
42,204
43,204
44,204
45,204
46,204
55,204
189,204
192,204
193,204
198,204
199,204
203,204
7,205
8,205
9,205
14,205
15,205
16,205
21,205
22,205
23,205
25,205
30,205
31,205
36,205
37,205
38,205
39,205
40,205
42,205
43,205
44,205
45,205
46,205
52,205
191,205
193,205
198,205
199,205
204,205
7,206
9,206
14,206
15,206
16,206
21,206
22,206
23,206
30,206
31,206
36,206
37,206
38,206
39,206
40,206
42,206
43,206
45,206
46,206
191,206
193,206
198,206
199,206
204,206
205,206
9,207
22,207
23,207
27,207
34,207
35,207
36,207
37,207
42,207
43,207
44,207
45,207
189,207
204,207
5,208
8,208
9,208
14,208
15,208
21,208
22,208
23,208
24,208
25,208
26,208
27,208
28,208
30,208
31,208
34,208
36,208
37,208
39,208
42,208
43,208
44,208
45,208
46,208
189,208
193,208
198,208
199,208
204,208
205,208
206,208
207,208
0,209
1,209
8,209
9,209
14,209
15,209
16,209
19,209
21,209
22,209
23,209
25,209
26,209
27,209
28,209
30,209
31,209
32,209
34,209
35,209
36,209
37,209
38,209
39,209
41,209
42,209
43,209
44,209
45,209
46,209
52,209
55,209
56,209
184,209
189,209
191,209
192,209
193,209
198,209
199,209
204,209
205,209
206,209
207,209
208,209
5,210
9,210
14,210
19,210
20,210
24,210
25,210
26,210
27,210
28,210
42,210
45,210
46,210
55,210
57,210
189,210
193,210
203,210
204,210
208,210
5,211
8,211
9,211
14,211
19,211
20,211
25,211
26,211
27,211
28,211
34,211
37,211
41,211
42,211
44,211
45,211
55,211
57,211
189,211
192,211
193,211
199,211
203,211
204,211
207,211
208,211
209,211
210,211
14,212
16,212
18,212
19,212
21,212
28,212
29,212
30,212
31,212
32,212
39,212
46,212
49,212
51,212
52,212
58,212
193,212
197,212
198,212
0,213
1,213
4,213
8,213
9,213
14,213
15,213
16,213
19,213
21,213
22,213
23,213
27,213
30,213
31,213
32,213
33,213
34,213
35,213
37,213
38,213
39,213
41,213
42,213
44,213
46,213
49,213
52,213
53,213
55,213
56,213
184,213
191,213
192,213
193,213
198,213
199,213
202,213
205,213
206,213
209,213
212,213
0,214
1,214
8,214
9,214
14,214
15,214
16,214
18,214
19,214
21,214
22,214
23,214
25,214
27,214
28,214
29,214
30,214
31,214
32,214
34,214
37,214
38,214
39,214
41,214
42,214
46,214
49,214
52,214
53,214
55,214
184,214
192,214
193,214
197,214
198,214
199,214
202,214
204,214
205,214
206,214
208,214
209,214
212,214
213,214
0,215
1,215
8,215
9,215
14,215
15,215
16,215
17,215
18,215
19,215
21,215
22,215
23,215
27,215
28,215
29,215
30,215
31,215
32,215
33,215
34,215
35,215
37,215
38,215
39,215
41,215
42,215
44,215
46,215
49,215
51,215
52,215
53,215
55,215
56,215
184,215
192,215
193,215
197,215
198,215
199,215
202,215
204,215
205,215
206,215
209,215
212,215
213,215
214,215
0,216
1,216
4,216
8,216
15,216
16,216
30,216
32,216
33,216
34,216
35,216
41,216
52,216
53,216
56,216
184,216
188,216
192,216
196,216
199,216
200,216
202,216
209,216
213,216
215,216
1,217
8,217
9,217
15,217
33,217
34,217
35,217
41,217
44,217
55,217
56,217
185,217
186,217
192,217
199,217
209,217
211,217
216,217
4,218
9,218
15,218
16,218
22,218
23,218
35,218
36,218
37,218
38,218
40,218
41,218
44,218
56,218
191,218
205,218
209,218
213,218
216,218
9,219
23,219
35,219
36,219
43,219
44,219
45,219
207,219
218,219
0,220
1,220
5,220
8,220
9,220
14,220
15,220
16,220
19,220
21,220
22,220
23,220
25,220
26,220
27,220
28,220
30,220
31,220
32,220
34,220
35,220
36,220
37,220
38,220
39,220
41,220
42,220
43,220
44,220
45,220
46,220
52,220
55,220
56,220
184,220
189,220
191,220
192,220
193,220
198,220
199,220
204,220
205,220
206,220
207,220
208,220
209,220
211,220
213,220
214,220
215,220
216,220
217,220
218,220
0,221
4,221
7,221
8,221
9,221
14,221
15,221
16,221
21,221
22,221
23,221
30,221
31,221
32,221
35,221
37,221
38,221
39,221
40,221
46,221
49,221
52,221
53,221
56,221
184,221
191,221
193,221
198,221
199,221
205,221
206,221
209,221
213,221
214,221
215,221
216,221
218,221
220,221
5,222
8,222
9,222
14,222
15,222
16,222
19,222
21,222
22,222
23,222
24,222
25,222
26,222
27,222
28,222
30,222
31,222
32,222
34,222
36,222
37,222
38,222
39,222
42,222
43,222
44,222
45,222
46,222
52,222
55,222
189,222
192,222
193,222
198,222
199,222
203,222
204,222
205,222
206,222
208,222
209,222
210,222
211,222
212,222
213,222
214,222
215,222
220,222
221,222
7,223
15,223
16,223
22,223
23,223
31,223
35,223
36,223
37,223
38,223
40,223
191,223
198,223
205,223
206,223
209,223
213,223
218,223
220,223
221,223
0,224
1,224
4,224
8,224
9,224
14,224
15,224
16,224
19,224
22,224
23,224
26,224
27,224
30,224
31,224
32,224
33,224
34,224
35,224
37,224
38,224
39,224
41,224
42,224
44,224
46,224
52,224
55,224
56,224
184,224
186,224
192,224
193,224
198,224
199,224
202,224
204,224
209,224
211,224
213,224
214,224
215,224
216,224
217,224
218,224
220,224
221,224
222,224
5,225
8,225
9,225
14,225
15,225
19,225
20,225
21,225
22,225
23,225
24,225
25,225
26,225
27,225
28,225
30,225
31,225
34,225
35,225
36,225
37,225
38,225
39,225
41,225
42,225
43,225
44,225
45,225
46,225
52,225
55,225
189,225
192,225
193,225
198,225
199,225
203,225
204,225
205,225
206,225
207,225
208,225
209,225
210,225
211,225
213,225
214,225
215,225
220,225
222,225
224,225
5,226
8,226
9,226
14,226
15,226
21,226
22,226
23,226
24,226
25,226
26,226
27,226
28,226
30,226
31,226
34,226
35,226
36,226
37,226
38,226
39,226
42,226
43,226
44,226
45,226
46,226
189,226
192,226
193,226
198,226
199,226
204,226
205,226
206,226
207,226
208,226
209,226
210,226
211,226
213,226
214,226
215,226
219,226
220,226
221,226
222,226
224,226
225,226
5,227
8,227
9,227
14,227
15,227
19,227
21,227
22,227
23,227
25,227
26,227
27,227
28,227
30,227
31,227
34,227
35,227
36,227
37,227
38,227
39,227
41,227
42,227
43,227
44,227
45,227
46,227
52,227
55,227
189,227
192,227
193,227
198,227
199,227
204,227
205,227
206,227
207,227
208,227
209,227
211,227
213,227
214,227
215,227
217,227
218,227
219,227
220,227
221,227
222,227
224,227
225,227
226,227
5,228
6,228
9,228
14,228
21,228
22,228
23,228
24,228
25,228
26,228
27,228
28,228
30,228
31,228
34,228
36,228
37,228
38,228
42,228
43,228
44,228
45,228
46,228
189,228
193,228
198,228
199,228
204,228
205,228
206,228
207,228
208,228
209,228
210,228
211,228
219,228
220,228
222,228
225,228
226,228
227,228
5,229
8,229
9,229
14,229
15,229
16,229
19,229
21,229
23,229
24,229
25,229
26,229
27,229
28,229
29,229
30,229
31,229
32,229
34,229
37,229
39,229
42,229
43,229
44,229
45,229
46,229
52,229
55,229
189,229
192,229
193,229
197,229
198,229
199,229
203,229
204,229
205,229
206,229
208,229
209,229
210,229
211,229
212,229
213,229
214,229
215,229
220,229
221,229
222,229
224,229
225,229
226,229
227,229
228,229
1,230
2,230
3,230
13,230
17,230
18,230
19,230
29,230
47,230
54,230
55,230
57,230
186,230
187,230
197,230
201,230
202,230
3,231
18,231
29,231
48,231
187,231
197,231
212,231
230,231
0,232
10,232
15,232
16,232
17,232
30,232
32,232
39,232
49,232
50,232
51,232
52,232
53,232
58,232
184,232
200,232
202,232
213,232
214,232
215,232
216,232
221,232
10,233
11,233
50,233
51,233
59,233
0,234
1,234
11,234
12,234
16,234
17,234
18,234
29,234
32,234
33,234
39,234
49,234
50,234
51,234
52,234
53,234
58,234
59,234
184,234
196,234
200,234
201,234
202,234
213,234
215,234
216,234
232,234
0,235
1,235
4,235
8,235
9,235
14,235
15,235
16,235
19,235
21,235
22,235
23,235
27,235
30,235
31,235
32,235
34,235
35,235
37,235
38,235
39,235
41,235
42,235
44,235
46,235
49,235
52,235
53,235
55,235
56,235
184,235
191,235
192,235
193,235
198,235
199,235
202,235
205,235
206,235
209,235
212,235
213,235
214,235
215,235
216,235
218,235
220,235
221,235
222,235
223,235
224,235
225,235
226,235
227,235
229,235
232,235
234,235
0,236
4,236
16,236
32,236
38,236
40,236
49,236
52,236
53,236
184,236
191,236
200,236
213,236
221,236
223,236
232,236
235,236
1,237
2,237
17,237
18,237
33,237
41,237
47,237
54,237
184,237
185,237
186,237
196,237
201,237
202,237
216,237
217,237
224,237
1,238
5,238
8,238
9,238
14,238
15,238
19,238
20,238
21,238
23,238
24,238
25,238
26,238
27,238
28,238
30,238
31,238
32,238
34,238
35,238
36,238
37,238
38,238
39,238
41,238
42,238
43,238
44,238
45,238
46,238
52,238
55,238
186,238
189,238
192,238
193,238
197,238
198,238
199,238
202,238
203,238
204,238
205,238
208,238
209,238
210,238
211,238
213,238
214,238
215,238
220,238
222,238
224,238
225,238
226,238
227,238
228,238
229,238
235,238
0,239
4,239
15,239
32,239
33,239
35,239
41,239
52,239
56,239
184,239
188,239
200,239
213,239
216,239
217,239
218,239
224,239
2,240
13,240
19,240
26,240
47,240
55,240
57,240
186,240
197,240
203,240
230,240
0,241
10,241
11,241
17,241
29,241
32,241
49,241
50,241
51,241
53,241
58,241
184,241
212,241
232,241
233,241
234,241
11,242
12,242
17,242
33,242
51,242
59,242
184,242
195,242
196,242
200,242
232,242
233,242
234,242
65,244
62,245
71,245
73,245
80,245
244,246
64,247
66,247
69,247
72,247
81,247
84,247
85,247
90,247
91,247
65,248
67,248
244,248
70,249
72,249
74,249
78,249
86,249
87,249
88,249
66,251
68,251
69,251
77,251
84,251
86,251
66,252
69,252
71,252
72,252
73,252
78,252
81,252
84,252
86,252
87,252
90,252
247,252
249,252
251,252
70,253
72,253
74,253
76,253
82,253
85,253
88,253
90,253
91,253
247,253
71,254
72,254
73,254
74,254
75,254
78,254
81,254
87,254
249,254
252,254
64,255
69,255
72,255
76,255
81,255
84,255
85,255
90,255
91,255
247,255
252,255
253,255
71,257
72,257
74,257
75,257
78,257
254,257
74,258
75,258
78,258
87,258
249,258
254,258
256,258
257,258
64,259
84,259
85,259
89,259
90,259
247,259
255,259
69,260
86,260
87,260
249,260
251,260
252,260
254,260
70,261
72,261
76,261
82,261
85,261
88,261
91,261
253,261
255,261
244,262
246,262
71,263
75,263
81,263
245,263
254,263
257,263
64,264
66,264
69,264
71,264
72,264
73,264
81,264
84,264
85,264
87,264
90,264
247,264
249,264
251,264
252,264
254,264
255,264
260,264
64,265
85,265
90,265
247,265
248,265
255,265
259,265
64,266
66,266
68,266
69,266
83,266
84,266
247,266
251,266
259,266
64,267
66,267
69,267
84,267
85,267
89,267
90,267
247,267
251,267
252,267
255,267
259,267
264,267
265,267
266,267
64,268
83,268
259,268
265,268
266,268
267,268
70,269
76,269
84,269
86,269
88,269
89,269
249,269
261,269
267,269
69,270
70,270
72,270
74,270
76,270
78,270
84,270
85,270
86,270
87,270
88,270
90,270
247,270
249,270
252,270
253,270
254,270
255,270
260,270
261,270
264,270
269,270
70,271
76,271
84,271
88,271
89,271
261,271
269,271
84,272
89,272
259,272
266,272
267,272
269,272
271,272
64,273
66,273
69,273
71,273
72,273
81,273
84,273
85,273
90,273
247,273
251,273
252,273
254,273
255,273
263,273
264,273
267,273
61,274
63,274
79,274
81,274
85,274
90,274
91,274
247,274
253,274
255,274
261,274
262,274
92,275
93,276
94,276
139,276
140,276
94,277
95,277
130,277
140,277
276,277
112,278
106,280
108,280
113,280
116,280
128,280
129,280
130,280
131,280
132,280
133,280
134,280
135,280
138,280
139,280
140,280
142,280
143,280
144,280
145,280
146,280
147,280
148,280
150,280
93,281
147,281
110,282
120,282
121,282
124,282
125,282
145,282
93,283
100,283
147,283
281,283
98,284
99,284
104,284
105,284
106,284
108,284
109,284
110,284
119,284
120,284
121,284
122,284
124,284
125,284
128,284
129,284
142,284
143,284
144,284
145,284
146,284
149,284
282,284
102,285
103,285
106,285
107,285
115,285
117,285
119,285
123,285
126,285
134,285
135,285
136,285
137,285
141,285
142,285
144,285
149,285
150,285
101,286
103,286
104,286
105,286
106,286
109,286
117,286
118,286
119,286
126,286
127,286
136,286
137,286
142,286
149,286
285,286
98,287
105,287
108,287
110,287
128,287
129,287
143,287
145,287
146,287
147,287
148,287
149,287
280,287
282,287
284,287
98,288
104,288
105,288
106,288
108,288
109,288
110,288
119,288
120,288
124,288
142,288
143,288
145,288
146,288
148,288
149,288
282,288
284,288
287,288
97,289
98,289
99,289
102,289
105,289
106,289
107,289
108,289
109,289
110,289
113,289
115,289
116,289
117,289
119,289
120,289
122,289
123,289
128,289
129,289
132,289
133,289
134,289
135,289
136,289
141,289
142,289
143,289
144,289
145,289
149,289
150,289
284,289
285,289
287,289
288,289
102,290
103,290
106,290
107,290
108,290
115,290
116,290
117,290
118,290
119,290
123,290
126,290
132,290
133,290
134,290
135,290
136,290
137,290
141,290
142,290
143,290
144,290
149,290
150,290
285,290
286,290
289,290
103,291
104,291
105,291
106,291
107,291
108,291
110,291
113,291
116,291
117,291
118,291
119,291
127,291
128,291
131,291
132,291
133,291
134,291
135,291
136,291
137,291
141,291
142,291
143,291
144,291
145,291
146,291
148,291
149,291
150,291
280,291
284,291
287,291
288,291
289,291
290,291
99,292
101,292
103,292
104,292
105,292
106,292
108,292
109,292
110,292
118,292
119,292
120,292
126,292
137,292
142,292
144,292
149,292
284,292
286,292
288,292
289,292
291,292
98,293
99,293
104,293
105,293
106,293
108,293
109,293
110,293
118,293
119,293
120,293
124,293
128,293
142,293
143,293
144,293
145,293
146,293
148,293
149,293
282,293
284,293
287,293
288,293
289,293
291,293
292,293
104,294
105,294
110,294
111,294
127,294
138,294
145,294
146,294
148,294
287,294
288,294
293,294
97,295
98,295
112,295
114,295
116,295
128,295
129,295
143,295
278,295
97,296
98,296
102,296
106,296
107,296
108,296
112,296
113,296
114,296
115,296
116,296
128,296
129,296
130,296
131,296
132,296
133,296
134,296
135,296
136,296
140,296
141,296
142,296
143,296
144,296
149,296
150,296
280,296
289,296
291,296
97,297
98,297
108,297
112,297
113,297
114,297
116,297
128,297
129,297
130,297
131,297
132,297
133,297
134,297
140,297
141,297
143,297
278,297
280,297
295,297
296,297
97,298
98,298
102,298
106,298
107,298
108,298
112,298
113,298
114,298
115,298
116,298
117,298
122,298
123,298
128,298
129,298
132,298
133,298
134,298
135,298
136,298
141,298
142,298
143,298
144,298
149,298
150,298
284,298
285,298
289,298
290,298
291,298
293,298
295,298
296,298
297,298
97,299
98,299
102,299
106,299
107,299
108,299
112,299
113,299
114,299
115,299
116,299
117,299
128,299
129,299
130,299
132,299
133,299
134,299
135,299
136,299
141,299
142,299
143,299
144,299
149,299
150,299
280,299
285,299
289,299
290,299
291,299
296,299
297,299
298,299
102,300
103,300
106,300
107,300
115,300
117,300
123,300
126,300
133,300
134,300
135,300
136,300
137,300
141,300
142,300
144,300
149,300
150,300
285,300
289,300
290,300
298,300
299,300
101,301
103,301
109,301
117,301
118,301
119,301
126,301
127,301
137,301
286,301
292,301
99,302
101,302
103,302
104,302
105,302
106,302
108,302
109,302
110,302
118,302
119,302
120,302
124,302
126,302
142,302
149,302
282,302
284,302
286,302
288,302
289,302
291,302
292,302
293,302
98,303
99,303
110,303
120,303
121,303
122,303
124,303
125,303
145,303
282,303
284,303
287,303
288,303
293,303
302,303
98,304
99,304
120,304
121,304
122,304
123,304
125,304
303,304
97,305
98,305
112,305
114,305
116,305
122,305
125,305
141,305
295,305
298,305
299,305
304,305
98,306
99,306
105,306
106,306
108,306
109,306
110,306
117,306
119,306
120,306
121,306
122,306
123,306
125,306
133,306
141,306
142,306
143,306
144,306
149,306
284,306
285,306
289,306
290,306
292,306
293,306
298,306
299,306
302,306
303,306
304,306
305,306
98,307
99,307
105,307
106,307
108,307
109,307
110,307
119,307
120,307
121,307
122,307
124,307
125,307
142,307
143,307
145,307
149,307
282,307
284,307
287,307
288,307
289,307
292,307
293,307
302,307
303,307
304,307
306,307
99,309
106,309
109,309
110,309
117,309
119,309
120,309
121,309
122,309
123,309
125,309
126,309
142,309
149,309
284,309
285,309
289,309
290,309
292,309
302,309
304,309
306,309
307,309
101,310
103,310
104,310
105,310
106,310
109,310
118,310
119,310
127,310
136,310
137,310
142,310
144,310
148,310
149,310
150,310
286,310
291,310
292,310
301,310
111,311
113,311
128,311
129,311
131,311
138,311
139,311
145,311
146,311
147,311
148,311
280,311
287,311
288,311
294,311
97,312
98,312
106,312
107,312
108,312
113,312
114,312
116,312
128,312
129,312
130,312
131,312
132,312
133,312
134,312
135,312
140,312
141,312
142,312
143,312
144,312
145,312
146,312
148,312
149,312
150,312
280,312
284,312
287,312
289,312
291,312
293,312
296,312
297,312
298,312
299,312
311,312
95,313
97,313
112,313
114,313
116,313
129,313
130,313
132,313
133,313
140,313
277,313
296,313
297,313
97,314
105,314
106,314
107,314
108,314
113,314
114,314
116,314
127,314
128,314
129,314
130,314
131,314
132,314
133,314
134,314
135,314
136,314
137,314
138,314
140,314
141,314
142,314
143,314
144,314
146,314
148,314
149,314
150,314
280,314
289,314
290,314
291,314
293,314
296,314
298,314
299,314
311,314
312,314
278,315
281,315
97,316
98,316
104,316
105,316
106,316
107,316
108,316
110,316
113,316
116,316
118,316
119,316
128,316
129,316
131,316
132,316
133,316
134,316
135,316
136,316
137,316
141,316
142,316
143,316
144,316
145,316
146,316
148,316
149,316
150,316
280,316
284,316
287,316
288,316
289,316
290,316
291,316
292,316
293,316
294,316
296,316
298,316
299,316
302,316
306,316
307,316
311,316
312,316
314,316
97,317
98,317
102,317
106,317
107,317
108,317
113,317
114,317
115,317
116,317
117,317
128,317
129,317
130,317
131,317
132,317
133,317
134,317
135,317
136,317
140,317
141,317
142,317
143,317
144,317
146,317
149,317
150,317
280,317
289,317
290,317
291,317
296,317
297,317
298,317
299,317
300,317
312,317
314,317
316,317
97,318
102,318
103,318
106,318
107,318
108,318
113,318
115,318
116,318
117,318
119,318
132,318
133,318
134,318
135,318
136,318
137,318
141,318
142,318
143,318
144,318
149,318
150,318
285,318
289,318
290,318
291,318
296,318
298,318
299,318
300,318
314,318
316,318
317,318
102,319
107,319
113,319
114,319
115,319
116,319
117,319
130,319
132,319
133,319
134,319
135,319
136,319
141,319
144,319
150,319
285,319
290,319
296,319
298,319
299,319
300,319
314,319
317,319
318,319
103,320
104,320
105,320
106,320
107,320
108,320
109,320
110,320
113,320
117,320
118,320
119,320
127,320
134,320
135,320
136,320
137,320
142,320
143,320
144,320
146,320
148,320
149,320
150,320
280,320
284,320
286,320
288,320
289,320
290,320
291,320
292,320
293,320
294,320
301,320
302,320
310,320
312,320
314,320
316,320
317,320
318,320
104,321
105,321
106,321
108,321
111,321
127,321
137,321
138,321
142,321
145,321
146,321
147,321
148,321
149,321
280,321
287,321
288,321
291,321
293,321
294,321
310,321
311,321
314,321
316,321
320,321
104,322
111,322
113,322
127,322
131,322
138,322
139,322
146,322
148,322
280,322
291,322
294,322
310,322
311,322
312,322
314,322
316,322
320,322
321,322
111,323
113,323
128,323
129,323
131,323
138,323
139,323
140,323
145,323
146,323
147,323
148,323
280,323
287,323
294,323
311,323
312,323
314,323
316,323
321,323
322,323
97,324
98,324
99,324
102,324
108,324
112,324
114,324
116,324
120,324
122,324
123,324
125,324
129,324
132,324
133,324
134,324
141,324
142,324
143,324
144,324
149,324
284,324
289,324
293,324
295,324
296,324
297,324
298,324
299,324
304,324
305,324
306,324
307,324
309,324
316,324
317,324
97,325
98,325
99,325
102,325
103,325
104,325
105,325
106,325
107,325
108,325
109,325
110,325
113,325
115,325
116,325
117,325
118,325
119,325
120,325
123,325
126,325
132,325
133,325
134,325
135,325
136,325
137,325
141,325
142,325
143,325
144,325
149,325
150,325
284,325
285,325
286,325
288,325
289,325
290,325
291,325
292,325
293,325
296,325
298,325
299,325
300,325
302,325
306,325
307,325
309,325
310,325
312,325
314,325
316,325
317,325
318,325
320,325
324,325
97,326
98,326
99,326
104,326
105,326
106,326
107,326
108,326
109,326
110,326
113,326
114,326
116,326
119,326
120,326
122,326
128,326
129,326
132,326
133,326
134,326
135,326
136,326
141,326
142,326
143,326
144,326
145,326
146,326
149,326
150,326
280,326
284,326
287,326
288,326
289,326
290,326
291,326
292,326
293,326
296,326
297,326
298,326
299,326
302,326
306,326
307,326
309,326
312,326
314,326
316,326
317,326
318,326
320,326
324,326
325,326
98,327
99,327
103,327
104,327
105,327
106,327
107,327
108,327
109,327
110,327
117,327
118,327
119,327
120,327
123,327
126,327
133,327
134,327
135,327
136,327
137,327
141,327
142,327
143,327
144,327
145,327
149,327
150,327
284,327
285,327
286,327
288,327
289,327
290,327
291,327
292,327
293,327
298,327
299,327
300,327
302,327
306,327
307,327
309,327
312,327
314,327
316,327
317,327
318,327
320,327
324,327
325,327
326,327
104,328
111,328
127,328
138,328
146,328
148,328
294,328
311,328
321,328
322,328
323,328
98,329
108,329
113,329
128,329
129,329
131,329
138,329
140,329
143,329
145,329
146,329
147,329
148,329
280,329
284,329
287,329
288,329
291,329
293,329
296,329
297,329
307,329
311,329
312,329
314,329
316,329
321,329
323,329
326,329
97,330
98,330
104,330
105,330
106,330
108,330
110,330
113,330
114,330
116,330
128,330
129,330
131,330
132,330
133,330
134,330
138,330
140,330
142,330
143,330
144,330
145,330
146,330
147,330
148,330
149,330
150,330
280,330
284,330
287,330
288,330
289,330
291,330
293,330
294,330
296,330
297,330
298,330
299,330
307,330
311,330
312,330
314,330
316,330
317,330
320,330
321,330
322,330
323,330
325,330
326,330
327,330
329,330
108,331
113,331
128,331
129,331
130,331
131,331
132,331
133,331
134,331
135,331
138,331
139,331
140,331
143,331
146,331
147,331
148,331
280,331
291,331
296,331
297,331
311,331
312,331
314,331
316,331
317,331
321,331
322,331
323,331
329,331
330,331
98,332
108,332
113,332
128,332
129,332
131,332
132,332
133,332
138,332
140,332
142,332
143,332
145,332
146,332
147,332
148,332
280,332
284,332
287,332
288,332
291,332
293,332
296,332
297,332
311,332
312,332
314,332
316,332
317,332
321,332
322,332
323,332
326,332
329,332
330,332
331,332
102,333
103,333
106,333
107,333
115,333
117,333
118,333
119,333
126,333
134,333
135,333
136,333
137,333
141,333
142,333
144,333
149,333
150,333
285,333
286,333
289,333
290,333
291,333
299,333
300,333
301,333
310,333
314,333
317,333
318,333
319,333
320,333
325,333
327,333
101,334
103,334
104,334
105,334
106,334
107,334
109,334
117,334
118,334
119,334
126,334
127,334
136,334
137,334
142,334
144,334
149,334
150,334
285,334
286,334
289,334
290,334
291,334
292,334
300,334
301,334
302,334
310,334
318,334
320,334
325,334
327,334
333,334
152,335
153,335
177,335
178,335
179,335
180,335
183,335
151,336
153,336
178,336
152,337
153,337
178,337
179,337
183,337
335,337
152,338
155,338
156,338
176,338
180,338
183,338
155,339
156,339
176,339
183,340
335,340
337,340
159,342
328,343
152,344
161,344
177,344
178,344
180,344
183,344
338,344
155,345
161,345
162,345
164,345
167,345
173,345
175,345
177,345
163,346
152,347
178,347
179,347
180,347
183,347
335,347
337,347
340,347
6,348
165,348
166,348
167,348
169,348
173,348
181,348
190,348
6,349
155,349
165,349
166,349
167,349
169,349
173,349
181,349
190,349
339,349
348,349
161,350
162,350
165,350
167,350
173,350
175,350
181,350
345,350
161,351
162,351
165,351
166,351
167,351
168,351
169,351
173,351
175,351
181,351
345,351
348,351
350,351
6,352
165,352
166,352
167,352
169,352
173,352
177,352
181,352
190,352
348,352
349,352
168,353
170,353
350,353
163,354
171,354
172,354
346,354
163,355
190,355
354,355
155,356
161,356
164,356
166,356
169,356
173,356
175,356
176,356
177,356
180,356
181,356
339,356
345,356
348,356
349,356
351,356
352,356
155,358
161,358
162,358
164,358
173,358
175,358
177,358
344,358
345,358
351,358
356,358
155,359
156,359
176,359
180,359
183,359
338,359
339,359
340,359
356,359
160,360
161,360
175,360
177,360
178,360
336,360
344,360
358,360
152,361
153,361
157,361
177,361
178,361
179,361
180,361
183,361
335,361
336,361
337,361
344,361
347,361
360,361
152,362
153,362
157,362
178,362
179,362
180,362
183,362
335,362
337,362
338,362
344,362
347,362
361,362
152,363
155,363
156,363
173,363
176,363
178,363
179,363
180,363
183,363
335,363
338,363
344,363
347,363
356,363
359,363
361,363
362,363
6,364
165,364
166,364
167,364
169,364
173,364
175,364
181,364
190,364
348,364
349,364
352,364
356,364
156,365
164,365
7,366
9,366
21,366
22,366
23,366
31,366
36,366
37,366
38,366
40,366
43,366
44,366
45,366
191,366
198,366
205,366
206,366
207,366
208,366
209,366
218,366
220,366
221,366
223,366
225,366
226,366
227,366
228,366
0,367
1,367
4,367
32,367
33,367
41,367
52,367
56,367
184,367
188,367
196,367
200,367
202,367
216,367
217,367
224,367
237,367
239,367
242,367
1,368
2,368
8,368
9,368
18,368
19,368
26,368
27,368
34,368
41,368
47,368
54,368
55,368
57,368
185,368
186,368
192,368
193,368
199,368
202,368
211,368
217,368
224,368
237,368
238,368
3,369
13,369
47,369
187,369
230,369
240,369
0,370
1,370
4,370
8,370
9,370
14,370
15,370
16,370
19,370
21,370
22,370
23,370
27,370
28,370
30,370
31,370
32,370
34,370
35,370
37,370
38,370
39,370
41,370
42,370
44,370
46,370
49,370
52,370
53,370
55,370
56,370
184,370
191,370
192,370
193,370
198,370
199,370
202,370
204,370
205,370
206,370
209,370
213,370
214,370
215,370
216,370
218,370
220,370
221,370
222,370
223,370
224,370
225,370
226,370
227,370
229,370
232,370
235,370
236,370
238,370
239,370
5,371
8,371
9,371
14,371
19,371
20,371
23,371
24,371
25,371
26,371
27,371
28,371
34,371
36,371
37,371
42,371
43,371
44,371
45,371
46,371
55,371
189,371
192,371
193,371
203,371
204,371
207,371
208,371
209,371
210,371
211,371
220,371
222,371
225,371
226,371
227,371
228,371
229,371
238,371
5,372
6,372
23,372
24,372
36,372
43,372
45,372
165,372
181,372
189,372
190,372
204,372
207,372
208,372
226,372
228,372
348,372
349,372
364,372
371,372
7,373
21,373
22,373
23,373
38,373
40,373
191,373
198,373
205,373
206,373
221,373
223,373
366,373
0,374
1,374
8,374
9,374
14,374
15,374
18,374
19,374
26,374
27,374
30,374
31,374
32,374
33,374
34,374
35,374
37,374
39,374
41,374
42,374
44,374
52,374
54,374
55,374
56,374
184,374
186,374
192,374
193,374
199,374
202,374
209,374
211,374
213,374
214,374
215,374
216,374
217,374
220,374
224,374
225,374
227,374
235,374
237,374
238,374
239,374
367,374
368,374
370,374
1,375
5,375
8,375
9,375
14,375
15,375
19,375
20,375
21,375
23,375
24,375
25,375
26,375
27,375
28,375
30,375
31,375
32,375
34,375
35,375
36,375
37,375
38,375
39,375
41,375
42,375
43,375
44,375
45,375
46,375
52,375
55,375
186,375
189,375
192,375
193,375
197,375
198,375
199,375
202,375
203,375
204,375
205,375
207,375
208,375
209,375
210,375
211,375
213,375
214,375
215,375
217,375
220,375
222,375
224,375
225,375
226,375
227,375
228,375
229,375
235,375
238,375
368,375
370,375
371,375
374,375
10,376
11,376
50,376
233,376
11,377
12,377
59,377
195,377
233,377
242,377
11,378
12,378
17,378
33,378
54,378
59,378
195,378
196,378
201,378
234,378
237,378
242,378
367,378
377,378
2,379
3,379
13,379
18,379
19,379
28,379
29,379
47,379
55,379
57,379
186,379
187,379
197,379
202,379
203,379
230,379
231,379
240,379
369,379
5,380
8,380
9,380
14,380
15,380
16,380
19,380
21,380
22,380
23,380
24,380
25,380
26,380
27,380
28,380
30,380
31,380
32,380
34,380
35,380
36,380
37,380
38,380
39,380
41,380
42,380
43,380
44,380
45,380
46,380
52,380
55,380
189,380
191,380
192,380
193,380
198,380
199,380
204,380
205,380
206,380
207,380
208,380
209,380
210,380
211,380
213,380
214,380
215,380
220,380
221,380
222,380
224,380
225,380
226,380
227,380
228,380
229,380
235,380
238,380
366,380
370,380
371,380
375,380
0,381
1,381
4,381
8,381
9,381
14,381
15,381
16,381
19,381
21,381
22,381
23,381
27,381
28,381
30,381
31,381
32,381
34,381
35,381
36,381
37,381
38,381
39,381
40,381
41,381
42,381
43,381
44,381
45,381
46,381
52,381
53,381
55,381
56,381
184,381
191,381
192,381
193,381
198,381
199,381
202,381
204,381
205,381
206,381
208,381
209,381
213,381
214,381
215,381
216,381
218,381
220,381
221,381
222,381
223,381
224,381
225,381
226,381
227,381
228,381
229,381
235,381
238,381
239,381
366,381
370,381
374,381
375,381
380,381
0,382
4,382
8,382
14,382
15,382
16,382
30,382
31,382
32,382
33,382
37,382
38,382
39,382
49,382
51,382
52,382
53,382
56,382
58,382
184,382
188,382
191,382
198,382
199,382
200,382
202,382
209,382
212,382
213,382
214,382
215,382
216,382
220,382
221,382
224,382
232,382
234,382
235,382
236,382
241,382
370,382
381,382
0,383
1,383
12,383
17,383
18,383
29,383
32,383
33,383
47,383
51,383
52,383
54,383
184,383
186,383
196,383
201,383
202,383
216,383
230,383
234,383
237,383
242,383
367,383
374,383
378,383
0,384
1,384
2,384
8,384
14,384
15,384
17,384
18,384
19,384
29,384
30,384
31,384
32,384
39,384
47,384
49,384
51,384
52,384
54,384
55,384
184,384
186,384
192,384
193,384
196,384
197,384
199,384
201,384
202,384
212,384
213,384
214,384
215,384
224,384
229,384
230,384
231,384
234,384
235,384
237,384
238,384
241,384
368,384
370,384
374,384
375,384
379,384
383,384
1,385
2,385
5,385
8,385
9,385
14,385
15,385
18,385
19,385
20,385
25,385
26,385
27,385
28,385
29,385
30,385
31,385
34,385
37,385
39,385
41,385
42,385
44,385
46,385
47,385
52,385
55,385
57,385
186,385
189,385
192,385
193,385
197,385
199,385
202,385
203,385
204,385
209,385
210,385
211,385
214,385
215,385
220,385
222,385
224,385
225,385
227,385
229,385
230,385
238,385
240,385
368,385
371,385
374,385
375,385
379,385
380,385
384,385
5,386
8,386
9,386
14,386
19,386
20,386
21,386
23,386
24,386
25,386
26,386
27,386
28,386
30,386
31,386
34,386
36,386
37,386
42,386
43,386
44,386
45,386
46,386
55,386
189,386
192,386
193,386
199,386
203,386
204,386
207,386
208,386
209,386
210,386
211,386
220,386
222,386
225,386
226,386
227,386
228,386
229,386
238,386
371,386
372,386
375,386
380,386
385,386
0,387
7,387
8,387
9,387
14,387
15,387
16,387
21,387
22,387
23,387
30,387
31,387
32,387
35,387
36,387
37,387
38,387
39,387
40,387
42,387
43,387
44,387
45,387
46,387
52,387
53,387
191,387
193,387
198,387
199,387
205,387
206,387
208,387
209,387
213,387
214,387
215,387
218,387
220,387
221,387
222,387
223,387
224,387
225,387
226,387
227,387
228,387
229,387
235,387
238,387
366,387
370,387
373,387
375,387
380,387
381,387
382,387
7,388
8,388
9,388
14,388
15,388
16,388
21,388
22,388
23,388
25,388
30,388
31,388
35,388
36,388
37,388
38,388
39,388
40,388
42,388
43,388
44,388
45,388
46,388
52,388
189,388
191,388
193,388
198,388
199,388
204,388
205,388
206,388
207,388
208,388
209,388
213,388
214,388
215,388
218,388
220,388
221,388
222,388
223,388
224,388
225,388
226,388
227,388
228,388
229,388
235,388
238,388
366,388
370,388
373,388
375,388
380,388
381,388
387,388
9,389
22,389
23,389
34,389
35,389
36,389
37,389
38,389
42,389
43,389
44,389
45,389
205,389
206,389
207,389
208,389
209,389
218,389
219,389
220,389
225,389
226,389
227,389
228,389
366,389
372,389
380,389
381,389
387,389
388,389
5,390
6,390
9,390
21,390
22,390
23,390
24,390
25,390
27,390
28,390
31,390
36,390
37,390
42,390
43,390
44,390
45,390
46,390
189,390
193,390
198,390
204,390
205,390
206,390
207,390
208,390
209,390
210,390
220,390
222,390
225,390
226,390
227,390
228,390
229,390
238,390
366,390
371,390
372,390
375,390
380,390
386,390
387,390
388,390
389,390
0,391
1,391
5,391
8,391
9,391
14,391
15,391
16,391
19,391
21,391
22,391
23,391
25,391
26,391
27,391
28,391
30,391
31,391
32,391
34,391
35,391
36,391
37,391
38,391
39,391
41,391
42,391
43,391
44,391
45,391
46,391
52,391
55,391
56,391
189,391
191,391
192,391
193,391
198,391
199,391
204,391
205,391
206,391
207,391
208,391
209,391
211,391
213,391
214,391
215,391
218,391
220,391
221,391
222,391
223,391
224,391
225,391
226,391
227,391
228,391
229,391
235,391
238,391
366,391
370,391
371,391
374,391
375,391
380,391
381,391
382,391
385,391
386,391
387,391
388,391
389,391
390,391
5,392
8,392
9,392
14,392
19,392
20,392
24,392
25,392
26,392
27,392
28,392
34,392
42,392
44,392
45,392
46,392
55,392
57,392
189,392
192,392
193,392
203,392
204,392
208,392
210,392
211,392
222,392
225,392
227,392
228,392
229,392
238,392
240,392
371,392
375,392
380,392
385,392
386,392
390,392
5,393
8,393
9,393
14,393
15,393
19,393
20,393
26,393
27,393
28,393
30,393
34,393
35,393
37,393
41,393
42,393
44,393
45,393
55,393
57,393
189,393
192,393
193,393
199,393
203,393
204,393
207,393
209,393
210,393
211,393
217,393
220,393
224,393
225,393
226,393
227,393
228,393
238,393
368,393
371,393
374,393
375,393
380,393
381,393
385,393
386,393
389,393
391,393
392,393
5,394
14,394
18,394
19,394
21,394
25,394
27,394
28,394
29,394
30,394
31,394
37,394
39,394
42,394
46,394
52,394
55,394
187,394
193,394
197,394
198,394
199,394
203,394
204,394
208,394
210,394
212,394
214,394
215,394
222,394
225,394
229,394
238,394
375,394
379,394
380,394
384,394
385,394
386,394
392,394
0,395
1,395
8,395
9,395
14,395
15,395
16,395
17,395
18,395
19,395
21,395
25,395
27,395
28,395
29,395
30,395
31,395
32,395
37,395
39,395
42,395
46,395
49,395
51,395
52,395
53,395
55,395
58,395
184,395
192,395
193,395
197,395
198,395
199,395
202,395
205,395
209,395
212,395
213,395
214,395
215,395
220,395
221,395
222,395
224,395
225,395
229,395
232,395
234,395
235,395
238,395
241,395
370,395
375,395
380,395
381,395
382,395
384,395
385,395
387,395
391,395
394,395
5,396
8,396
9,396
14,396
15,396
19,396
20,396
21,396
24,396
25,396
26,396
27,396
28,396
30,396
31,396
34,396
37,396
39,396
42,396
43,396
44,396
45,396
46,396
52,396
55,396
189,396
192,396
193,396
197,396
198,396
199,396
203,396
204,396
205,396
208,396
209,396
210,396
211,396
212,396
213,396
214,396
215,396
220,396
222,396
224,396
225,396
226,396
227,396
228,396
229,396
235,396
238,396
370,396
371,396
375,396
379,396
380,396
381,396
384,396
385,396
386,396
390,396
391,396
392,396
393,396
394,396
395,396
0,397
1,397
8,397
9,397
14,397
15,397
16,397
17,397
18,397
19,397
21,397
22,397
27,397
28,397
29,397
30,397
31,397
32,397
34,397
35,397
37,397
38,397
39,397
41,397
42,397
46,397
49,397
51,397
52,397
53,397
55,397
184,397
192,397
193,397
197,397
198,397
199,397
202,397
205,397
206,397
209,397
212,397
213,397
214,397
215,397
216,397
220,397
221,397
222,397
224,397
225,397
227,397
229,397
232,397
234,397
235,397
236,397
238,397
370,397
374,397
375,397
380,397
381,397
382,397
384,397
385,397
387,397
388,397
391,397
394,397
395,397
396,397
0,398
1,398
4,398
32,398
33,398
35,398
41,398
52,398
56,398
184,398
188,398
200,398
216,398
217,398
224,398
237,398
239,398
367,398
374,398
33,399
185,399
188,399
216,399
217,399
237,399
239,399
367,399
398,399
7,400
8,400
9,400
14,400
15,400
16,400
21,400
22,400
23,400
24,400
25,400
27,400
28,400
30,400
31,400
34,400
35,400
36,400
37,400
38,400
39,400
40,400
42,400
43,400
44,400
45,400
46,400
52,400
189,400
191,400
192,400
193,400
198,400
199,400
204,400
205,400
206,400
207,400
208,400
209,400
213,400
214,400
215,400
218,400
220,400
221,400
222,400
223,400
224,400
225,400
226,400
227,400
228,400
229,400
235,400
238,400
366,400
370,400
371,400
373,400
375,400
380,400
381,400
386,400
387,400
388,400
389,400
390,400
391,400
396,400
397,400
8,401
9,401
15,401
22,401
23,401
26,401
27,401
30,401
34,401
35,401
36,401
37,401
38,401
41,401
42,401
43,401
44,401
45,401
56,401
192,401
193,401
199,401
204,401
207,401
209,401
211,401
217,401
218,401
219,401
220,401
224,401
225,401
226,401
227,401
228,401
238,401
366,401
370,401
374,401
375,401
380,401
381,401
388,401
389,401
391,401
393,401
400,401
7,402
15,402
16,402
21,402
22,402
23,402
30,402
31,402
36,402
37,402
38,402
40,402
43,402
191,402
198,402
205,402
206,402
209,402
213,402
214,402
218,402
220,402
221,402
223,402
226,402
235,402
236,402
366,402
370,402
373,402
380,402
381,402
382,402
387,402
388,402
391,402
400,402
0,403
7,403
14,403
15,403
16,403
21,403
22,403
23,403
30,403
31,403
32,403
37,403
38,403
39,403
46,403
49,403
52,403
53,403
58,403
191,403
193,403
198,403
199,403
205,403
206,403
208,403
209,403
212,403
213,403
214,403
215,403
220,403
221,403
222,403
223,403
229,403
232,403
235,403
236,403
370,403
373,403
380,403
381,403
382,403
387,403
388,403
391,403
395,403
397,403
400,403
402,403
0,404
1,404
8,404
9,404
14,404
15,404
16,404
19,404
21,404
22,404
23,404
25,404
27,404
28,404
30,404
31,404
32,404
34,404
35,404
36,404
37,404
38,404
39,404
41,404
42,404
43,404
44,404
45,404
46,404
49,404
52,404
53,404
55,404
56,404
184,404
191,404
192,404
193,404
198,404
199,404
202,404
204,404
205,404
206,404
208,404
209,404
213,404
214,404
215,404
216,404
218,404
220,404
221,404
222,404
223,404
224,404
225,404
226,404
227,404
228,404
229,404
232,404
235,404
238,404
370,404
374,404
375,404
380,404
381,404
382,404
384,404
385,404
387,404
388,404
391,404
393,404
394,404
395,404
396,404
397,404
400,404
401,404
402,404
403,404
5,405
8,405
9,405
14,405
15,405
16,405
19,405
21,405
22,405
23,405
24,405
25,405
27,405
28,405
30,405
31,405
37,405
38,405
39,405
42,405
43,405
45,405
46,405
52,405
189,405
193,405
198,405
199,405
204,405
205,405
206,405
208,405
209,405
210,405
212,405
213,405
214,405
215,405
220,405
221,405
222,405
225,405
226,405
228,405
229,405
235,405
238,405
370,405
371,405
375,405
380,405
381,405
385,405
386,405
387,405
388,405
390,405
391,405
394,405
395,405
396,405
397,405
400,405
403,405
404,405
4,406
8,406
9,406
15,406
34,406
35,406
41,406
44,406
56,406
188,406
192,406
209,406
216,406
217,406
218,406
220,406
224,406
227,406
239,406
367,406
374,406
381,406
398,406
401,406
1,407
5,407
8,407
9,407
14,407
15,407
19,407
23,407
26,407
27,407
28,407
30,407
31,407
34,407
35,407
36,407
37,407
38,407
39,407
41,407
42,407
43,407
44,407
45,407
46,407
52,407
55,407
56,407
189,407
192,407
193,407
198,407
199,407
203,407
204,407
207,407
208,407
209,407
211,407
213,407
214,407
215,407
217,407
219,407
220,407
222,407
224,407
225,407
226,407
227,407
228,407
229,407
235,407
238,407
368,407
370,407
371,407
374,407
375,407
380,407
381,407
385,407
386,407
389,407
391,407
392,407
393,407
396,407
397,407
400,407
401,407
404,407
406,407
48,408
0,409
4,409
7,409
8,409
9,409
14,409
15,409
16,409
21,409
22,409
23,409
30,409
31,409
32,409
34,409
35,409
36,409
37,409
38,409
39,409
40,409
41,409
42,409
43,409
44,409
52,409
53,409
56,409
184,409
191,409
192,409
193,409
198,409
199,409
205,409
206,409
209,409
213,409
214,409
215,409
216,409
218,409
220,409
221,409
222,409
223,409
224,409
225,409
226,409
227,409
235,409
236,409
238,409
239,409
366,409
370,409
374,409
375,409
380,409
381,409
382,409
387,409
388,409
389,409
391,409
395,409
397,409
400,409
401,409
402,409
403,409
404,409
406,409
407,409
5,410
8,410
9,410
23,410
24,410
26,410
27,410
34,410
35,410
36,410
37,410
41,410
42,410
43,410
44,410
45,410
189,410
192,410
193,410
204,410
207,410
208,410
209,410
211,410
219,410
220,410
225,410
226,410
227,410
228,410
238,410
371,410
372,410
375,410
380,410
386,410
389,410
390,410
391,410
392,410
393,410
400,410
401,410
407,410
5,411
8,411
9,411
14,411
15,411
16,411
19,411
21,411
22,411
23,411
24,411
25,411
26,411
27,411
28,411
30,411
31,411
34,411
35,411
36,411
37,411
38,411
39,411
41,411
42,411
43,411
44,411
45,411
46,411
52,411
55,411
189,411
192,411
193,411
198,411
199,411
204,411
205,411
206,411
207,411
208,411
209,411
210,411
211,411
213,411
214,411
215,411
220,411
221,411
222,411
224,411
225,411
226,411
227,411
228,411
229,411
235,411
238,411
366,411
370,411
371,411
374,411
375,411
380,411
381,411
385,411
386,411
387,411
388,411
389,411
390,411
391,411
392,411
393,411
394,411
395,411
396,411
397,411
400,411
401,411
402,411
403,411
404,411
405,411
407,411
409,411
410,411
0,412
1,412
8,412
14,412
15,412
16,412
21,412
22,412
29,412
30,412
31,412
32,412
37,412
38,412
39,412
46,412
49,412
51,412
52,412
53,412
58,412
184,412
191,412
193,412
198,412
199,412
200,412
202,412
205,412
206,412
209,412
212,412
213,412
214,412
215,412
216,412
220,412
221,412
222,412
224,412
229,412
232,412
234,412
235,412
236,412
241,412
370,412
380,412
381,412
382,412
384,412
387,412
388,412
391,412
395,412
397,412
402,412
403,412
404,412
405,412
409,412
411,412
2,413
13,413
18,413
47,413
54,413
186,413
196,413
201,413
230,413
237,413
240,413
379,413
383,413
0,414
1,414
12,414
17,414
18,414
29,414
32,414
39,414
47,414
49,414
51,414
52,414
54,414
58,414
184,414
196,414
197,414
201,414
202,414
212,414
215,414
230,414
231,414
232,414
234,414
241,414
379,414
383,414
384,414
395,414
397,414
412,414
0,415
10,415
16,415
32,415
49,415
50,415
51,415
53,415
58,415
184,415
200,415
232,415
233,415
234,415
236,415
241,415
376,415
382,415
412,415
11,416
12,416
50,416
59,416
195,416
233,416
242,416
377,416
378,416
0,417
1,417
4,417
8,417
14,417
15,417
16,417
17,417
30,417
31,417
32,417
33,417
38,417
39,417
41,417
49,417
51,417
52,417
53,417
56,417
184,417
188,417
199,417
200,417
202,417
209,417
213,417
214,417
215,417
216,417
220,417
221,417
224,417
232,417
234,417
235,417
236,417
239,417
242,417
367,417
370,417
374,417
381,417
382,417
383,417
395,417
397,417
398,417
404,417
409,417
412,417
415,417
0,418
1,418
8,418
14,418
15,418
16,418
17,418
18,418
19,418
21,418
29,418
30,418
31,418
32,418
37,418
38,418
39,418
46,418
49,418
51,418
52,418
53,418
58,418
184,418
191,418
193,418
198,418
199,418
200,418
202,418
205,418
206,418
209,418
212,418
213,418
214,418
215,418
216,418
220,418
221,418
222,418
224,418
229,418
232,418
234,418
235,418
236,418
238,418
241,418
370,418
380,418
381,418
382,418
384,418
387,418
388,418
391,418
394,418
395,418
397,418
402,418
403,418
404,418
405,418
409,418
411,418
412,418
414,418
415,418
417,418
4,419
33,419
56,419
188,419
216,419
237,419
239,419
367,419
398,419
399,419
2,420
13,420
47,420
57,420
186,420
230,420
240,420
369,420
413,420
0,421
1,421
4,421
8,421
9,421
14,421
15,421
16,421
22,421
23,421
30,421
31,421
32,421
33,421
34,421
35,421
37,421
38,421
39,421
40,421
41,421
44,421
49,421
52,421
53,421
56,421
184,421
188,421
191,421
192,421
193,421
198,421
199,421
200,421
202,421
205,421
209,421
213,421
214,421
215,421
216,421
217,421
218,421
220,421
221,421
223,421
224,421
227,421
232,421
235,421
236,421
238,421
239,421
367,421
370,421
374,421
375,421
380,421
381,421
382,421
387,421
388,421
391,421
395,421
397,421
398,421
400,421
401,421
402,421
404,421
406,421
407,421
409,421
411,421
412,421
417,421
418,421
34,422
35,422
41,422
56,422
185,422
192,422
216,422
217,422
224,422
237,422
239,422
367,422
368,422
374,422
398,422
399,422
406,422
407,422
419,422
3,423
13,423
187,423
369,423
379,423
10,424
11,424
12,424
17,424
49,424
50,424
51,424
58,424
59,424
184,424
195,424
200,424
232,424
233,424
234,424
241,424
242,424
376,424
377,424
378,424
383,424
414,424
415,424
416,424
1,425
11,425
12,425
17,425
18,425
29,425
32,425
33,425
51,425
54,425
59,425
184,425
196,425
200,425
201,425
202,425
216,425
234,425
237,425
242,425
367,425
378,425
383,425
384,425
414,425
417,425
424,425
64,426
66,426
68,426
69,426
83,426
84,426
85,426
90,426
247,426
251,426
252,426
255,426
259,426
264,426
266,426
267,426
268,426
272,426
273,426
244,427
246,427
248,427
262,427
66,428
71,428
73,428
81,428
245,428
252,428
254,428
263,428
264,428
273,428
244,429
246,429
262,429
265,429
274,429
427,429
64,430
69,430
72,430
76,430
81,430
84,430
85,430
88,430
90,430
91,430
247,430
252,430
253,430
255,430
259,430
261,430
264,430
267,430
269,430
270,430
271,430
272,430
273,430
274,430
426,430
67,431
248,431
427,431
70,432
76,432
82,432
88,432
253,432
261,432
271,432
66,434
68,434
69,434
77,434
84,434
251,434
252,434
260,434
264,434
266,434
267,434
426,434
66,435
69,435
71,435
72,435
73,435
74,435
75,435
78,435
81,435
84,435
86,435
87,435
90,435
247,435
249,435
251,435
252,435
254,435
255,435
257,435
258,435
260,435
264,435
270,435
273,435
426,435
428,435
430,435
70,436
72,436
76,436
82,436
84,436
85,436
88,436
90,436
91,436
247,436
253,436
255,436
261,436
264,436
269,436
270,436
271,436
274,436
430,436
432,436
71,437
72,437
73,437
74,437
75,437
78,437
81,437
87,437
252,437
254,437
257,437
258,437
260,437
263,437
264,437
270,437
428,437
435,437
64,438
72,438
74,438
81,438
84,438
85,438
90,438
91,438
247,438
252,438
253,438
254,438
255,438
261,438
263,438
264,438
267,438
270,438
273,438
274,438
426,438
430,438
435,438
436,438
256,439
258,439
260,439
71,440
72,440
74,440
75,440
78,440
87,440
252,440
254,440
256,440
257,440
258,440
270,440
435,440
437,440
71,441
72,441
73,441
74,441
75,441
78,441
87,441
249,441
252,441
254,441
256,441
257,441
258,441
260,441
264,441
270,441
435,441
437,441
439,441
440,441
64,442
69,442
84,442
85,442
89,442
90,442
247,442
255,442
259,442
265,442
266,442
267,442
268,442
272,442
273,442
426,442
430,442
436,442
438,442
66,443
68,443
69,443
73,443
77,443
86,443
249,443
251,443
252,443
254,443
260,443
264,443
434,443
435,443
439,443
441,443
70,444
72,444
74,444
76,444
78,444
87,444
88,444
91,444
249,444
253,444
255,444
261,444
269,444
270,444
271,444
430,444
432,444
436,444
438,444
61,445
244,445
246,445
262,445
265,445
274,445
427,445
429,445
71,446
73,446
75,446
81,446
245,446
254,446
257,446
263,446
428,446
437,446
64,447
66,447
69,447
71,447
72,447
81,447
84,447
85,447
90,447
91,447
247,447
252,447
253,447
254,447
255,447
263,447
264,447
267,447
270,447
273,447
426,447
428,447
430,447
435,447
436,447
437,447
438,447
446,447
61,448
64,448
79,448
82,448
85,448
90,448
91,448
247,448
253,448
255,448
259,448
261,448
265,448
267,448
274,448
430,448
436,448
438,448
442,448
445,448
64,449
66,449
68,449
69,449
83,449
84,449
247,449
251,449
259,449
266,449
267,449
268,449
272,449
426,449
434,449
442,449
64,450
69,450
84,450
85,450
89,450
90,450
247,450
251,450
252,450
255,450
259,450
264,450
266,450
267,450
268,450
269,450
270,450
271,450
272,450
273,450
426,450
430,450
434,450
436,450
438,450
442,450
447,450
448,450
449,450
64,451
81,451
84,451
85,451
90,451
91,451
247,451
253,451
255,451
259,451
264,451
265,451
267,451
273,451
274,451
426,451
429,451
430,451
436,451
438,451
442,451
447,451
448,451
450,451
66,452
68,452
69,452
84,452
86,452
87,452
247,452
249,452
251,452
252,452
260,452
264,452
266,452
267,452
269,452
270,452
272,452
426,452
430,452
434,452
435,452
443,452
449,452
450,452
69,453
70,453
72,453
78,453
84,453
86,453
87,453
88,453
247,453
249,453
252,453
254,453
260,453
264,453
269,453
270,453
426,453
430,453
435,453
438,453
441,453
443,453
444,453
447,453
450,453
452,453
70,454
72,454
76,454
78,454
86,454
87,454
88,454
249,454
253,454
261,454
269,454
270,454
271,454
430,454
436,454
444,454
452,454
453,454
84,455
88,455
89,455
259,455
267,455
269,455
271,455
272,455
442,455
450,455
64,456
69,456
81,456
84,456
85,456
90,456
91,456
247,456
252,456
253,456
255,456
259,456
264,456
265,456
266,456
267,456
273,456
274,456
426,456
430,456
436,456
438,456
442,456
447,456
448,456
449,456
450,456
451,456
452,456
63,457
72,457
74,457
81,457
85,457
90,457
91,457
247,457
253,457
255,457
261,457
263,457
264,457
273,457
274,457
430,457
436,457
438,457
447,457
448,457
451,457
456,457
63,458
81,458
91,458
92,458
263,458
274,458
438,458
446,458
447,458
457,458
138,459
139,459
275,459
139,460
276,460
459,460
94,461
113,461
130,461
131,461
139,461
140,461
276,461
277,461
280,461
313,461
331,461
460,461
112,462
278,462
295,462
297,462
92,463
275,463
279,463
458,463
108,464
113,464
128,464
129,464
130,464
131,464
132,464
138,464
139,464
140,464
146,464
147,464
148,464
280,464
291,464
296,464
297,464
311,464
312,464
314,464
316,464
317,464
321,464
322,464
323,464
329,464
330,464
331,464
332,464
461,464
93,465
281,465
283,465
315,465
110,466
124,466
145,466
282,466
287,466
288,466
293,466
303,466
307,466
93,467
100,467
147,467
281,467
283,467
465,467
97,468
98,468
105,468
106,468
108,468
110,468
113,468
119,468
120,468
121,468
122,468
125,468
128,468
129,468
133,468
141,468
142,468
143,468
144,468
145,468
146,468
149,468
282,468
284,468
287,468
288,468
289,468
291,468
293,468
297,468
298,468
302,468
303,468
306,468
307,468
312,468
314,468
316,468
317,468
324,468
325,468
326,468
327,468
329,468
330,468
332,468
102,469
103,469
106,469
107,469
115,469
117,469
119,469
123,469
126,469
133,469
134,469
135,469
136,469
137,469
141,469
142,469
144,469
149,469
150,469
285,469
289,469
290,469
291,469
298,469
299,469
300,469
306,469
309,469
317,469
318,469
319,469
325,469
327,469
333,469
334,469
101,470
103,470
104,470
105,470
106,470
107,470
108,470
109,470
110,470
117,470
118,470
119,470
123,470
126,470
127,470
136,470
137,470
142,470
144,470
149,470
150,470
285,470
286,470
289,470
290,470
291,470
292,470
300,470
301,470
302,470
306,470
309,470
310,470
316,470
318,470
320,470
325,470
326,470
327,470
333,470
334,470
469,470
111,471
145,471
146,471
147,471
282,471
287,471
288,471
293,471
294,471
311,471
329,471
466,471
104,472
105,472
108,472
109,472
110,472
111,472
120,472
124,472
145,472
146,472
148,472
282,472
284,472
287,472
288,472
292,472
293,472
294,472
302,472
303,472
307,472
316,472
321,472
326,472
329,472
330,472
466,472
468,472
471,472
98,473
99,473
105,473
106,473
108,473
109,473
110,473
119,473
120,473
121,473
122,473
123,473
124,473
125,473
133,473
141,473
142,473
143,473
144,473
145,473
149,473
282,473
284,473
287,473
288,473
289,473
291,473
292,473
293,473
298,473
302,473
303,473
304,473
306,473
307,473
309,473
316,473
324,473
325,473
326,473
327,473
329,473
330,473
468,473
472,473
97,474
102,474
103,474
106,474
107,474
108,474
115,474
116,474
117,474
119,474
123,474
126,474
132,474
133,474
134,474
135,474
136,474
137,474
141,474
142,474
143,474
144,474
149,474
150,474
285,474
289,474
290,474
291,474
296,474
298,474
299,474
300,474
306,474
309,474
314,474
316,474
317,474
318,474
319,474
320,474
324,474
325,474
326,474
327,474
333,474
334,474
469,474
470,474
473,474
97,475
98,475
102,475
105,475
106,475
107,475
108,475
113,475
114,475
115,475
116,475
117,475
119,475
128,475
129,475
130,475
131,475
132,475
133,475
134,475
135,475
136,475
137,475
141,475
142,475
143,475
144,475
146,475
148,475
149,475
150,475
280,475
284,475
285,475
289,475
290,475
291,475
293,475
296,475
297,475
298,475
299,475
300,475
312,475
314,475
316,475
317,475
318,475
319,475
320,475
321,475
322,475
325,475
326,475
327,475
329,475
330,475
331,475
332,475
333,475
334,475
464,475
468,475
469,475
473,475
474,475
99,476
101,476
103,476
104,476
105,476
106,476
108,476
109,476
110,476
117,476
118,476
119,476
120,476
123,476
126,476
136,476
137,476
142,476
143,476
144,476
149,476
150,476
284,476
285,476
286,476
288,476
289,476
290,476
291,476
292,476
293,476
301,476
302,476
306,476
307,476
309,476
310,476
316,476
320,476
325,476
326,476
327,476
333,476
334,476
468,476
469,476
470,476
472,476
473,476
474,476
475,476
101,477
104,477
105,477
109,477
110,477
111,477
118,477
119,477
145,477
146,477
148,477
284,477
288,477
292,477
293,477
294,477
302,477
320,477
321,477
471,477
472,477
476,477
101,478
103,478
104,478
105,478
106,478
108,478
109,478
110,478
111,478
118,478
119,478
127,478
137,478
142,478
144,478
146,478
148,478
149,478
284,478
286,478
288,478
291,478
292,478
293,478
294,478
301,478
302,478
310,478
316,478
320,478
321,478
325,478
326,478
327,478
334,478
470,478
472,478
476,478
477,478
93,479
278,479
281,479
283,479
315,479
465,479
467,479
97,480
98,480
102,480
106,480
107,480
108,480
112,480
113,480
114,480
115,480
116,480
128,480
129,480
130,480
131,480
132,480
133,480
134,480
135,480
140,480
141,480
142,480
143,480
144,480
149,480
150,480
280,480
284,480
289,480
291,480
295,480
296,480
297,480
298,480
299,480
312,480
313,480
314,480
316,480
317,480
318,480
319,480
324,480
325,480
326,480
327,480
329,480
330,480
331,480
332,480
464,480
468,480
473,480
474,480
475,480
97,481
98,481
108,481
112,481
113,481
114,481
116,481
128,481
129,481
130,481
131,481
132,481
133,481
134,481
140,481
143,481
145,481
146,481
147,481
280,481
284,481
287,481
289,481
291,481
293,481
295,481
296,481
297,481
298,481
299,481
311,481
312,481
314,481
316,481
317,481
323,481
324,481
326,481
329,481
330,481
331,481
332,481
464,481
468,481
475,481
480,481
97,482
98,482
102,482
106,482
107,482
108,482
112,482
113,482
114,482
115,482
116,482
128,482
129,482
130,482
132,482
133,482
134,482
135,482
136,482
140,482
141,482
142,482
143,482
144,482
149,482
150,482
280,482
289,482
290,482
291,482
295,482
296,482
297,482
298,482
299,482
300,482
305,482
306,482
312,482
313,482
314,482
316,482
317,482
318,482
319,482
324,482
325,482
326,482
327,482
330,482
468,482
469,482
474,482
475,482
480,482
481,482
97,483
98,483
102,483
106,483
107,483
108,483
112,483
113,483
114,483
115,483
116,483
128,483
129,483
130,483
131,483
132,483
133,483
134,483
135,483
136,483
140,483
141,483
142,483
143,483
144,483
149,483
150,483
280,483
289,483
290,483
291,483
296,483
297,483
298,483
299,483
300,483
312,483
313,483
314,483
316,483
317,483
318,483
319,483
324,483
325,483
326,483
327,483
330,483
331,483
332,483
333,483
469,483
474,483
475,483
480,483
481,483
482,483
102,484
107,484
115,484
116,484
117,484
133,484
134,484
135,484
136,484
141,484
150,484
285,484
290,484
298,484
299,484
300,484
318,484
319,484
333,484
469,484
474,484
482,484
483,484
99,485
103,485
117,485
119,485
123,485
126,485
285,485
286,485
301,485
309,485
334,485
469,485
470,485
476,485
101,486
103,486
104,486
105,486
106,486
109,486
110,486
118,486
119,486
126,486
127,486
137,486
142,486
149,486
286,486
292,486
301,486
302,486
310,486
320,486
325,486
327,486
334,486
470,486
476,486
477,486
478,486
485,486
104,487
105,487
109,487
110,487
120,487
124,487
145,487
282,487
284,487
287,487
288,487
292,487
293,487
294,487
302,487
303,487
307,487
466,487
468,487
471,487
472,487
473,487
476,487
477,487
478,487
98,488
99,488
120,488
121,488
122,488
124,488
125,488
282,488
284,488
303,488
304,488
306,488
307,488
309,488
324,488
468,488
473,488
97,489
98,489
112,489
114,489
122,489
125,489
143,489
295,489
297,489
298,489
304,489
305,489
306,489
324,489
462,489
468,489
480,489
482,489
488,489
98,490
99,490
102,490
106,490
115,490
117,490
120,490
122,490
123,490
125,490
141,490
143,490
149,490
285,490
289,490
290,490
298,490
299,490
304,490
305,490
306,490
309,490
324,490
325,490
326,490
327,490
469,490
473,490
474,490
482,490
488,490
489,490
98,491
99,491
106,491
108,491
109,491
110,491
117,491
119,491
120,491
121,491
122,491
123,491
125,491
126,491
141,491
142,491
143,491
144,491
149,491
284,491
285,491
289,491
290,491
292,491
293,491
298,491
302,491
303,491
304,491
306,491
307,491
309,491
324,491
325,491
326,491
327,491
468,491
469,491
470,491
473,491
474,491
476,491
485,491
488,491
490,491
100,492
466,492
471,492
99,493
110,493
120,493
121,493
122,493
123,493
124,493
125,493
282,493
284,493
289,493
293,493
302,493
303,493
304,493
306,493
307,493
309,493
468,493
473,493
476,493
487,493
488,493
490,493
491,493
103,494
117,494
118,494
126,494
136,494
285,494
286,494
290,494
300,494
301,494
333,494
334,494
469,494
470,494
485,494
104,495
105,495
111,495
127,495
138,495
146,495
148,495
280,495
291,495
294,495
310,495
311,495
320,495
321,495
322,495
323,495
328,495
478,495
97,496
98,496
102,496
105,496
106,496
107,496
108,496
113,496
114,496
115,496
116,496
128,496
129,496
130,496
131,496
132,496
133,496
134,496
135,496
136,496
140,496
141,496
142,496
143,496
144,496
145,496
146,496
148,496
149,496
150,496
280,496
284,496
287,496
289,496
290,496
291,496
293,496
296,496
297,496
298,496
299,496
312,496
314,496
316,496
317,496
318,496
319,496
320,496
322,496
324,496
325,496
326,496
327,496
329,496
330,496
331,496
332,496
464,496
468,496
473,496
474,496
475,496
480,496
481,496
482,496
483,496
97,497
98,497
108,497
112,497
113,497
114,497
116,497
128,497
129,497
130,497
131,497
132,497
133,497
134,497
135,497
140,497
141,497
143,497
277,497
280,497
295,497
296,497
297,497
298,497
299,497
312,497
313,497
314,497
316,497
317,497
324,497
326,497
329,497
330,497
331,497
332,497
461,497
464,497
475,497
480,497
481,497
482,497
483,497
496,497
95,498
97,498
112,498
113,498
114,498
116,498
128,498
129,498
130,498
131,498
132,498
133,498
134,498
140,498
143,498
277,498
280,498
296,498
297,498
299,498
312,498
313,498
314,498
317,498
331,498
332,498
461,498
464,498
480,498
481,498
482,498
483,498
496,498
497,498
97,499
107,499
108,499
113,499
114,499
116,499
128,499
129,499
130,499
131,499
132,499
133,499
134,499
135,499
140,499
141,499
143,499
144,499
146,499
150,499
277,499
280,499
291,499
296,499
297,499
299,499
312,499
314,499
316,499
317,499
318,499
319,499
322,499
323,499
326,499
329,499
330,499
331,499
332,499
461,499
464,499
475,499
480,499
481,499
482,499
483,499
496,499
497,499
498,499
97,500
102,500
108,500
112,500
113,500
114,500
116,500
128,500
129,500
130,500
131,500
132,500
133,500
134,500
135,500
140,500
141,500
143,500
277,500
280,500
295,500
296,500
297,500
298,500
299,500
312,500
313,500
314,500
317,500
319,500
330,500
331,500
332,500
461,500
464,500
475,500
480,500
481,500
482,500
483,500
496,500
497,500
498,500
499,500
97,501
98,501
102,501
106,501
107,501
108,501
112,501
113,501
114,501
115,501
116,501
128,501
129,501
130,501
131,501
132,501
133,501
134,501
135,501
136,501
140,501
141,501
142,501
143,501
144,501
149,501
150,501
280,501
284,501
289,501
290,501
291,501
295,501
296,501
297,501
298,501
299,501
305,501
306,501
312,501
313,501
314,501
316,501
317,501
318,501
319,501
324,501
325,501
326,501
327,501
330,501
331,501
332,501
468,501
473,501
474,501
475,501
480,501
481,501
482,501
483,501
489,501
496,501
497,501
498,501
499,501
500,501
97,502
102,502
106,502
107,502
108,502
113,502
114,502
115,502
116,502
117,502
128,502
130,502
132,502
133,502
134,502
135,502
136,502
141,502
142,502
143,502
144,502
149,502
150,502
280,502
285,502
289,502
290,502
291,502
296,502
298,502
299,502
300,502
312,502
314,502
316,502
317,502
318,502
319,502
320,502
325,502
326,502
327,502
330,502
333,502
469,502
474,502
475,502
480,502
482,502
483,502
484,502
496,502
497,502
499,502
500,502
501,502
97,503
102,503
106,503
107,503
108,503
113,503
114,503
115,503
116,503
117,503
119,503
128,503
130,503
132,503
133,503
134,503
135,503
136,503
137,503
141,503
142,503
143,503
144,503
149,503
150,503
280,503
285,503
289,503
290,503
291,503
296,503
298,503
299,503
300,503
312,503
314,503
316,503
317,503
318,503
319,503
320,503
325,503
326,503
327,503
330,503
333,503
334,503
469,503
470,503
474,503
475,503
480,503
482,503
483,503
484,503
496,503
497,503
499,503
500,503
501,503
502,503
102,504
103,504
104,504
105,504
106,504
107,504
108,504
109,504
115,504
117,504
118,504
119,504
126,504
127,504
133,504
134,504
135,504
136,504
137,504
141,504
142,504
143,504
144,504
149,504
150,504
285,504
286,504
289,504
290,504
291,504
292,504
293,504
298,504
299,504
300,504
301,504
302,504
306,504
310,504
314,504
316,504
317,504
318,504
319,504
320,504
325,504
326,504
327,504
333,504
334,504
469,504
470,504
473,504
474,504
475,504
476,504
478,504
482,504
483,504
486,504
491,504
494,504
496,504
501,504
502,504
503,504
101,505
103,505
104,505
105,505
106,505
108,505
109,505
110,505
111,505
118,505
119,505
127,505
136,505
137,505
142,505
144,505
146,505
148,505
149,505
150,505
280,505
286,505
288,505
291,505
292,505
293,505
294,505
301,505
302,505
310,505
314,505
316,505
320,505
321,505
322,505
325,505
326,505
327,505
328,505
330,505
333,505
334,505
470,505
475,505
476,505
477,505
478,505
486,505
495,505
503,505
504,505
104,506
105,506
108,506
111,506
113,506
128,506
131,506
138,506
139,506
145,506
146,506
147,506
148,506
280,506
287,506
288,506
291,506
294,506
311,506
312,506
314,506
316,506
320,506
321,506
322,506
323,506
328,506
329,506
330,506
331,506
332,506
464,506
472,506
475,506
481,506
495,506
496,506
499,506
505,506
111,507
131,507
138,507
139,507
146,507
147,507
148,507
280,507
294,507
311,507
314,507
321,507
322,507
323,507
328,507
329,507
330,507
331,507
332,507
459,507
464,507
495,507
499,507
506,507
98,508
108,508
113,508
128,508
129,508
131,508
138,508
140,508
143,508
145,508
146,508
147,508
148,508
280,508
281,508
284,508
287,508
288,508
293,508
296,508
297,508
311,508
312,508
314,508
316,508
323,508
326,508
329,508
330,508
331,508
332,508
464,508
468,508
475,508
479,508
480,508
481,508
496,508
497,508
498,508
499,508
501,508
506,508
97,509
98,509
99,509
102,509
106,509
107,509
108,509
110,509
112,509
113,509
114,509
115,509
116,509
117,509
119,509
120,509
122,509
123,509
125,509
129,509
132,509
133,509
134,509
136,509
141,509
142,509
143,509
144,509
149,509
150,509
284,509
285,509
289,509
290,509
291,509
293,509
296,509
298,509
299,509
300,509
304,509
305,509
306,509
307,509
309,509
312,509
314,509
316,509
317,509
318,509
324,509
325,509
326,509
327,509
330,509
468,509
469,509
473,509
474,509
475,509
476,509
480,509
482,509
483,509
489,509
490,509
491,509
496,509
497,509
501,509
502,509
503,509
504,509
98,510
99,510
103,510
104,510
105,510
106,510
107,510
108,510
109,510
110,510
117,510
118,510
119,510
120,510
123,510
126,510
133,510
134,510
136,510
137,510
141,510
142,510
143,510
144,510
145,510
146,510
148,510
149,510
150,510
284,510
285,510
286,510
287,510
288,510
289,510
290,510
291,510
292,510
293,510
298,510
299,510
302,510
303,510
306,510
307,510
309,510
310,510
312,510
314,510
316,510
317,510
318,510
320,510
324,510
325,510
326,510
327,510
330,510
333,510
334,510
468,510
469,510
470,510
472,510
473,510
474,510
475,510
476,510
477,510
478,510
483,510
486,510
487,510
490,510
491,510
493,510
496,510
501,510
502,510
503,510
504,510
505,510
509,510
97,511
98,511
99,511
104,511
105,511
106,511
108,511
109,511
110,511
113,511
119,511
120,511
122,511
128,511
129,511
132,511
133,511
134,511
141,511
142,511
143,511
144,511
145,511
146,511
149,511
150,511
280,511
282,511
284,511
287,511
288,511
289,511
290,511
291,511
292,511
293,511
296,511
298,511
299,511
302,511
303,511
306,511
307,511
309,511
312,511
314,511
316,511
317,511
320,511
324,511
325,511
326,511
327,511
329,511
330,511
332,511
468,511
472,511
473,511
474,511
475,511
476,511
478,511
480,511
481,511
482,511
483,511
487,511
490,511
491,511
493,511
496,511
501,511
503,511
504,511
508,511
509,511
510,511
102,512
103,512
106,512
107,512
108,512
115,512
116,512
117,512
119,512
123,512
126,512
133,512
134,512
135,512
136,512
137,512
141,512
142,512
143,512
144,512
149,512
150,512
285,512
289,512
290,512
291,512
298,512
299,512
300,512
306,512
309,512
317,512
318,512
319,512
320,512
325,512
326,512
327,512
333,512
334,512
469,512
470,512
474,512
475,512
476,512
482,512
483,512
484,512
485,512
490,512
491,512
494,512
496,512
501,512
502,512
503,512
504,512
509,512
510,512
93,513
100,513
128,513
138,513
145,513
146,513
147,513
148,513
281,513
283,513
287,513
288,513
311,513
323,513
329,513
330,513
332,513
464,513
467,513
471,513
472,513
481,513
492,513
506,513
507,513
508,513
98,514
104,514
105,514
106,514
108,514
110,514
111,514
113,514
119,514
128,514
129,514
138,514
142,514
143,514
144,514
145,514
146,514
147,514
148,514
149,514
280,514
284,514
287,514
288,514
289,514
291,514
293,514
294,514
302,514
307,514
311,514
312,514
314,514
316,514
320,514
321,514
322,514
323,514
325,514
326,514
327,514
329,514
330,514
331,514
332,514
464,514
468,514
471,514
472,514
473,514
475,514
476,514
477,514
478,514
481,514
487,514
495,514
496,514
505,514
506,514
507,514
508,514
510,514
511,514
513,514
108,515
113,515
128,515
129,515
131,515
138,515
139,515
140,515
143,515
145,515
146,515
147,515
148,515
280,515
284,515
287,515
288,515
291,515
293,515
294,515
296,515
297,515
311,515
312,515
314,515
316,515
317,515
321,515
322,515
323,515
326,515
329,515
330,515
331,515
332,515
464,515
468,515
475,515
480,515
481,515
495,515
496,515
497,515
499,515
506,515
507,515
508,515
511,515
513,515
514,515
108,516
113,516
128,516
129,516
130,516
131,516
132,516
138,516
139,516
140,516
143,516
145,516
146,516
147,516
148,516
280,516
291,516
296,516
297,516
311,516
312,516
314,516
316,516
317,516
320,516
321,516
322,516
323,516
329,516
330,516
331,516
332,516
461,516
464,516
475,516
480,516
481,516
495,516
496,516
497,516
498,516
499,516
500,516
501,516
506,516
507,516
508,516
513,516
514,516
515,516
97,517
98,517
105,517
106,517
108,517
113,517
114,517
116,517
128,517
129,517
131,517
132,517
133,517
134,517
140,517
142,517
143,517
144,517
145,517
146,517
147,517
148,517
149,517
280,517
284,517
287,517
288,517
289,517
291,517
293,517
296,517
297,517
298,517
299,517
307,517
311,517
312,517
314,517
316,517
317,517
320,517
321,517
323,517
324,517
325,517
326,517
327,517
329,517
330,517
331,517
332,517
464,517
468,517
472,517
473,517
475,517
480,517
481,517
482,517
483,517
496,517
497,517
498,517
499,517
500,517
501,517
503,517
506,517
508,517
509,517
510,517
511,517
513,517
514,517
515,517
516,517
102,518
103,518
106,518
107,518
108,518
115,518
117,518
118,518
119,518
126,518
133,518
134,518
135,518
136,518
137,518
141,518
142,518
144,518
149,518
150,518
285,518
286,518
289,518
290,518
291,518
299,518
300,518
301,518
310,518
314,518
317,518
318,518
319,518
320,518
325,518
327,518
333,518
334,518
469,518
470,518
474,518
475,518
476,518
483,518
484,518
494,518
496,518
502,518
503,518
504,518
505,518
510,518
512,518
101,519
103,519
104,519
109,519
118,519
119,519
127,519
137,519
286,519
292,519
301,519
310,519
334,519
470,519
478,519
486,519
505,519
152,520
153,520
157,520
177,520
178,520
179,520
183,520
335,520
336,520
337,520
347,520
360,520
361,520
362,520
153,521
178,521
179,521
336,521
361,521
520,521
152,522
179,522
183,522
335,522
337,522
340,522
347,522
362,522
152,523
155,523
156,523
176,523
180,523
183,523
338,523
344,523
359,523
362,523
363,523
155,524
176,524
339,524
340,524
349,524
359,524
176,525
180,525
183,525
337,525
340,525
347,525
359,525
522,525
159,527
342,527
160,528
343,528
160,529
161,529
164,529
173,529
175,529
344,529
345,529
358,529
528,529
161,530
162,530
164,530
167,530
173,530
175,530
177,530
345,530
350,530
351,530
356,530
358,530
360,530
529,530
163,531
346,531
154,532
156,532
176,532
180,532
183,532
338,532
359,532
363,532
523,532
525,532
6,533
155,533
165,533
166,533
167,533
169,533
173,533
175,533
181,533
339,533
348,533
349,533
352,533
356,533
364,533
524,533
6,534
155,534
165,534
166,534
167,534
169,534
173,534
175,534
181,534
190,534
339,534
348,534
349,534
352,534
356,534
364,534
524,534
533,534
161,535
162,535
165,535
167,535
168,535
173,535
175,535
181,535
345,535
350,535
351,535
353,535
530,535
161,536
162,536
165,536
166,536
167,536
168,536
169,536
173,536
175,536
181,536
345,536
348,536
350,536
351,536
358,536
530,536
535,536
6,537
165,537
166,537
167,537
169,537
181,537
190,537
348,537
349,537
352,537
364,537
372,537
533,537
534,537
162,538
167,538
168,538
345,538
350,538
351,538
353,538
530,538
535,538
536,538
163,539
171,539
172,539
346,539
354,539
355,539
531,539
163,540
172,540
346,540
354,540
355,540
531,540
539,540
155,541
156,541
161,541
164,541
173,541
175,541
176,541
180,541
183,541
338,541
339,541
344,541
345,541
356,541
358,541
359,541
363,541
523,541
524,541
532,541
533,541
155,543
161,543
164,543
173,543
175,543
177,543
180,543
338,543
344,543
345,543
356,543
358,543
360,543
363,543
529,543
530,543
541,543
155,544
176,544
180,544
183,544
339,544
340,544
359,544
363,544
523,544
524,544
525,544
532,544
541,544
160,545
161,545
162,545
173,545
175,545
177,545
344,545
345,545
356,545
358,545
360,545
529,545
530,545
543,545
152,546
153,546
157,546
177,546
178,546
179,546
180,546
183,546
335,546
336,546
337,546
344,546
347,546
360,546
361,546
362,546
363,546
520,546
521,546
152,547
155,547
157,547
176,547
177,547
178,547
179,547
180,547
183,547
335,547
338,547
344,547
347,547
356,547
359,547
360,547
361,547
362,547
363,547
520,547
523,547
532,547
541,547
543,547
545,547
546,547
152,548
155,548
176,548
177,548
178,548
179,548
180,548
183,548
335,548
337,548
338,548
340,548
344,548
347,548
356,548
359,548
361,548
362,548
363,548
520,548
522,548
523,548
525,548
532,548
541,548
544,548
546,548
547,548
155,549
166,549
173,549
176,549
180,549
181,549
183,549
335,549
339,549
340,549
349,549
352,549
356,549
359,549
363,549
364,549
523,549
524,549
533,549
534,549
537,549
541,549
544,549
548,549
154,550
152,551
155,551
176,551
179,551
180,551
183,551
335,551
337,551
338,551
340,551
347,551
359,551
362,551
363,551
522,551
523,551
525,551
532,551
541,551
544,551
546,551
547,551
548,551
549,551
0,552
14,552
15,552
16,552
17,552
29,552
30,552
31,552
32,552
37,552
39,552
49,552
51,552
52,552
53,552
58,552
184,552
198,552
199,552
202,552
212,552
213,552
214,552
215,552
221,552
222,552
232,552
234,552
235,552
236,552
241,552
370,552
381,552
382,552
384,552
394,552
395,552
397,552
403,552
404,552
405,552
412,552
414,552
415,552
417,552
418,552
